((0,0),-0.0763103448275882)
((1,1),0.8392068965517233)
((9,2),0.07273333333333327)
((7,3),0.19430000000000014)
((8,3),0.7529655172413839)
((3,1),0.15872413793103404)
((6,1),0.0)
((1,0),0.3607241379310325)
((6,3),0.16700000000000012)
((3,0),0.14855172413792947)
((0,1),0.22117241379310393)
((5,0),-0.013896551724138161)
((1,2),0.7411724137931052)
((9,3),0.19796666666666649)
((9,1),0.023551724137931027)
((9,0),0.015965517241379498)
((2,1),0.3163103448275897)
((5,1),0.016448275862068977)
((5,3),0.1571379310344827)
((1,3),0.539172413793108)
((0,2),0.20893333333333486)
