((9,1),-0.059392715979672446)
((7,2),-0.052323546019198135)
((5,0),-0.04165866741953703)
((3,1),-0.030051101072840196)
((4,1),-0.020797297297297294)
((6,2),-0.00848095823095825)
((3,0),-0.006448402948402947)
((6,0),-0.00503869778869779)
((6,1),-0.003304668304668315)
((2,2),5.448402948402954E-4)
((9,0),8.077395577395568E-4)
((9,2),8.961916461916477E-4)
((7,0),0.0035829238329238428)
((0,0),0.004281326781326785)
((4,0),0.005485883681535871)
((5,1),0.007482213438735184)
((7,1),0.008531902879728968)
((2,0),0.009063805759457942)
((4,2),0.010735257985257981)
((8,2),0.01932051282051385)
((5,2),0.02266854884246191)
((0,1),0.02457051282051445)
((3,2),0.04038461538461802)
((0,2),0.0461171654432522)
((2,1),0.08278205128205668)
((1,0),0.09665384615385053)
((8,0),0.1487140033879161)
((1,1),0.27655815923207216)
((8,1),0.7677933370976845)
