((0,0),1.1575350689981663)
((1,1),0.5289383828083195)
((9,2),0.13526218049131258)
((7,3),0.2045504996243024)
((8,3),0.5775011739480091)
((3,1),0.15798618758606742)
((6,1),0.0)
((1,0),0.3636512159976255)
((6,3),0.151382028386855)
((3,0),0.15201047572145696)
((0,1),0.14139914855409483)
((5,0),0.13769203339014663)
((1,2),0.493663134779571)
((9,3),0.21872065057626747)
((9,1),0.12682991597492643)
((9,0),0.034152476127153046)
((2,1),0.32885212736863917)
((5,1),0.08857667631045382)
((5,3),0.21288842217360332)
((1,3),0.38640495680102105)
((0,2),0.15335060872198433)
